wn025: 0.8373702422145328
wn05: 0.8532423208191127
wn075: 0.8113879003558718
