wn025: 0.8113879003558719
wn05: 0.8421052631578947
wn075: 0.783882783882784
