ランダム: 0.11224489795918367	0.6875	0.19298245614035087
eachwn025: 0.375	0.1875	0.25
eachwn05: 0.75	0.1875	0.3
eachwn075: 0.6666666666666666	0.25	0.36363636363636365
lxmert_f1: 0.0958904109589041	0.4375	0.15730337078651688
