テストデータの数50028
bertで疑似生成したデータで訓練したモデル
Precision:0.9254213261931012
Recall:0.9395538498440873
F1score:0.9324340408649077