テストデータの数74793
Precision:0.9761861872680765
Recall:0.9810282404055033
F1score:0.9786012243350128