テストデータの数926566
ランダムに疑似生成したデータで訓練したモデル
Precision:0.9964513900694874
Recall:0.9994754825883962
F1score:0.9979611453793864


テストデータの数39106
bertで疑似生成したデータで訓練したモデル
Precision:0.8529833696402954
Recall:0.8210504781874904
F1score:0.8367123573252723